1 0.0269486 -0.00817013
2 0.157653 -0.0603716
3 0.0565843 0.00323262
4 0.0729184 -0.0251489
5 -0.0536582 0.0287497
6 -0.0299627 0.00424455
7 0.0634179 -0.0377073
8 0.228596 -0.101623
9 0.31373 -0.111157
10 0.27058 -0.0725579
11 0.101406 0.00339807
12 -0.00229665 0.0214146
13 0.00504231 -0.00299546
14 0.0512344 -0.0246242
15 0.0568254 -0.0176233
16 -0.110624 0.0666614
17 -0.260924 0.108324
18 -0.32719 0.111401
19 -0.33832 0.103716
20 -0.32185 0.0932581
21 -0.248898 0.0600785
22 -0.14613 0.0232865
23 -0.0317694 -0.0133401
24 0.0859375 -0.0493223
25 0.15034 -0.0579834
26 0.167098 -0.0534838
27 0.0970173 -0.0150928
28 -0.138658 0.0887302
29 -0.417019 0.18078
30 -0.555511 0.194359
31 -0.437799 0.107809
32 -0.110081 -0.0325063
33 0.211663 -0.0956649
34 0.247078 -0.0812001
35 0.165874 -0.0497561
36 0.0976263 -0.0224589
37 0.19812 -0.0795326
38 0.314087 -0.117421
39 0.262421 -0.0683966
40 0.134322 -0.0146819
41 0.0427233 0.00549749
42 0.0634478 -0.0231852
43 0.149203 -0.0619197
44 -0.314766 0.187219
45 0.403614 -0.264768
46 -2.69557 1.2
47 0.912835 -0.995522
48 0.872093 -0.261618
49 0.202497 0.0731775
50 -0.571692 0.326359
51 -0.518097 0.144728
52 0.197082 -0.202144
53 0.442327 -0.181735
54 -0.0226042 0.0997796
55 -0.921174 0.456088
56 -0.0629448 -0.15274
57 0.687061 -0.356104
58 -0.610151 0.442509
59 -0.814077 0.285038
60 1.31523 -0.820413
61 1.23624 -0.355068
62 0.643127 -0.0743187
63 -0.680655 0.468957
64 -0.464775 0.0962654
65 0.514771 -0.350337
66 0.731608 -0.262853
67 -1.35615 0.824406
68 -1.23901 0.348296
69 -0.258341 -0.118606
70 1.09108 -0.597195
71 0.477596 -0.0205725
72 -0.727672 0.218311
73 -1.33594 0.522459
74 -0.219536 -0.157396
75 1.07627 -0.582028
76 0.809498 -0.189489
77 -0.559455 0.441639
78 -0.968851 0.372556
79 0.296569 -0.342037
80 0.864154 -0.372754
81 0.228135 0.0587705
82 -0.846345 0.468815
83 -0.320594 -0.00895287
84 0.85414 -0.256223
85 1.46765 -0.562992
86 -2.21719 1.2
87 -0.46213 -0.212341
88 -0.215962 0.0155882
89 -0.262187 0.0879371
90 -0.364177 0.129691
91 -0.543183 0.180906
92 -0.685265 0.234053
93 -0.835948 0.280986
94 -1.00462 0.335198
95 -1.2357 0.417016
96 -1.66946 0.500925
97 -2.03314 0.61003
98 -2.19309 0.690025
99 -0.0544959 0.0164588
100 -0.329129 0.117167
101 -3.1373 1.2
102 -2.63126 0.688346
103 -2.30365 0.625776
104 -2.2439 0.661443
105 -1.72045 0.411687
106 -1.18509 0.355768
107 -0.548469 0.0374619
108 0.0446731 -0.131785
109 0.490789 -0.23622
110 0.722405 -0.262812
111 0.825929 -0.268258
112 0.865191 -0.267194
113 0.753644 -0.203575
114 0.544388 -0.121262
115 0.221408 -0.00162557
116 -0.114882 0.101925
117 -0.392693 0.11801
118 -0.351302 0.0973183
119 -0.281252 0.0705739
120 -0.312397 0.10016
121 -0.387229 0.123871
122 -0.455371 0.150464
123 -0.53673 0.17752
124 -0.605658 0.195718
125 -0.654518 0.206369
126 -0.694706 0.216698
127 -0.774198 0.232508
128 -0.857931 0.274383
129 -0.896667 0.269258
130 -0.892939 0.268139
131 -0.892939 0.268139
132 -0.892939 0.268139
133 -0.894335 0.268558
134 -0.894335 0.268558
135 -0.894335 0.268558
136 -0.894335 0.268558
137 -0.895907 0.269029
138 -0.895907 0.269029
139 -0.895907 0.269029
140 -0.895907 0.269029
141 -0.897165 0.269407
142 -0.897165 0.269416
143 -0.897165 0.269416
144 -0.897165 0.269416
145 -0.898487 0.269812
146 -0.898487 0.269812
147 -0.898487 0.269812
148 -0.899862 0.270225
149 -0.899862 0.270225
150 -0.899862 0.270225
151 -0.899862 0.270225
152 -0.901061 0.270585
153 -0.901061 0.270585
154 -0.901061 0.270585
155 -0.902482 0.271011
156 -0.902482 0.271011
157 -0.902482 0.271011
158 -0.902482 0.271011
159 -0.903833 0.271416
160 -0.903833 0.271416
161 -0.903833 0.271416
162 -0.903833 0.271416
163 -0.905094 0.271795
164 -0.905094 0.271795
165 -0.905094 0.271795
166 -0.906428 0.272195
167 -0.906428 0.272195
168 -0.906428 0.272195
169 -0.906428 0.272195
170 -0.907721 0.272583
171 -0.907721 0.272583
172 -0.907721 0.272583
173 -0.907721 0.272583
174 -0.909178 0.27302
175 -0.909178 0.27302
176 -0.909178 0.27302
177 -0.910565 0.273436
178 -0.910565 0.273436
179 -0.910565 0.273436
180 -0.910565 0.273436
181 -0.911877 0.273829
182 -0.911877 0.273829
183 -0.911877 0.273829
184 -0.913237 0.274237
185 -0.913237 0.274237
186 -0.913237 0.274237
187 -0.913237 0.274247
188 -0.914465 0.274615
189 -0.914465 0.274615
190 -0.914465 0.274615
191 -0.914465 0.274615
192 -0.915998 0.275075
193 -0.915998 0.275075
194 -0.915998 0.275075
195 -0.917553 0.275541
196 -0.917553 0.275541
197 -0.917553 0.275541
198 -0.917553 0.275541
199 -0.917553 0.275541
200 -0.919005 0.275977
201 -0.919005 0.275977
202 -0.919005 0.275977
203 -0.920557 0.276443
204 0.920557 -0.275892
205 0.920557 -0.275892
206 0.920557 -0.275892
207 0.922129 -0.276363
208 0.922129 -0.276363
209 0.922129 -0.276363
210 0.923474 -0.276767
211 0.923474 -0.276767
212 0.923474 -0.276767
213 0.923474 -0.276767
214 0.924871 -0.277186
215 0.924871 -0.277186
216 0.924871 -0.277186
217 0.924871 -0.277186
218 0.926236 -0.277595
219 0.926236 -0.277595
220 0.926236 -0.277595
221 0.926236 -0.277595
222 0.927878 -0.278088
223 0.927878 -0.278088
224 0.927878 -0.278088
225 0.927878 -0.278088
226 0.929332 -0.278524
227 0.929332 -0.278524
228 0.929332 -0.278524
229 0.929332 -0.278524
230 0.930878 -0.278988
231 0.930878 -0.278988
232 0.930878 -0.278997
233 0.930878 -0.278997
234 0.932464 -0.279473
235 0.932464 -0.279473
236 0.932464 -0.279473
237 0.934113 -0.279968
238 0.934113 -0.279968
239 0.934113 -0.279968
240 0.934113 -0.279968
241 0.93555 -0.280399
242 0.93555 -0.280399
243 0.93555 -0.280399
244 0.93555 -0.280399
245 0.937074 -0.280856
246 0.937074 -0.280856
247 0.937074 -0.280856
248 0.937074 -0.280856
249 0.938455 -0.28127
250 0.938455 -0.28127
251 0.938455 -0.28127
252 0.938455 -0.28127
253 0.939902 -0.281704
254 0.939902 -0.281704
255 0.939902 -0.281704
256 0.941223 -0.282101
257 0.941223 -0.282101
258 0.941223 -0.282101
259 0.942701 -0.282544
260 0.942701 -0.282544
261 0.942701 -0.282544
262 0.942701 -0.282544
263 0.944004 -0.282935
264 0.944004 -0.282935
265 0.944004 -0.282935
266 0.944004 -0.282935
267 0.945443 -0.283367
268 0.945443 -0.283367
269 0.945443 -0.283367
270 0.945443 -0.283367
271 0.946798 -0.283773
272 0.946798 -0.283773
273 0.946798 -0.283773
274 0.948453 -0.28427
275 0.948453 -0.28427
276 0.948453 -0.284279
277 0.948453 -0.284279
278 0.948453 -0.284279
279 0.950266 -0.284823
280 0.950266 -0.284823
281 0.950266 -0.284823
282 0.950266 -0.284823
283 0.952027 -0.285352
284 0.952027 -0.285352
285 0.952027 -0.285352
286 0.952027 -0.285352
287 0.953762 -0.285872
288 0.953762 -0.285872
289 0.953762 -0.285872
290 0.953762 -0.285872
291 0.955231 -0.286312
292 0.955231 -0.286312
293 0.955231 -0.286312
294 0.956814 -0.286787
295 0.956814 -0.286787
296 0.956814 -0.286787
297 0.956814 -0.286787
298 0.958226 -0.287211
299 0.958226 -0.287211
300 0.958226 -0.287211
301 0.958226 -0.287211
302 0.959777 -0.287676
303 0.959777 -0.287676
304 0.959777 -0.287676
305 0.959777 -0.287676
306 0.961173 -0.288095
307 0.961173 -0.288095
308 0.961173 -0.288095
309 0.961173 -0.288095
310 0.962879 -0.288607
311 0.962879 -0.288607
312 0.962879 -0.288607
313 0.962879 -0.288607
314 0.96457 -0.289114
315 0.96457 -0.289114
316 0.96457 -0.289114
317 0.96457 -0.289114
318 0.966151 -0.289588
319 0.966151 -0.289588
320 0.966151 -0.289588
321 0.966151 -0.289588
322 0.967835 -0.29044
323 0.967835 -0.290103
324 0.967835 -0.290103
325 0.969525 -0.29061
326 0.969525 -0.29061
327 0.969525 -0.29061
328 0.969525 -0.29061
329 0.971048 -0.291067
330 0.971048 -0.291067
331 0.971048 -0.291067
332 0.971048 -0.291067
333 0.972732 -0.291573
334 0.972732 -0.291573
335 0.972732 -0.291573
336 0.974496 -0.292102
337 0.974496 -0.292102
338 0.974496 -0.292102
339 0.974496 -0.292102
340 0.976172 -0.292604
341 0.976172 -0.292604
342 0.976172 -0.292604
343 0.976172 -0.292604
344 0.977853 -0.293109
345 0.977853 -0.293109
346 0.977853 -0.293109
347 0.977853 -0.293109
348 0.979626 -0.293641
349 0.979626 -0.293641
350 0.979626 -0.293641
351 0.979626 -0.293641
352 0.981203 -0.294114
353 0.981203 -0.294114
354 0.981203 -0.294114
355 0.981203 -0.294114
356 0.982991 -0.29465
357 0.982991 -0.29465
358 0.982991 -0.29465
359 0.982991 -0.29465
360 0.984752 -0.295179
361 0.984752 -0.295179
362 0.984752 -0.295179
363 0.984752 -0.295179
364 0.986507 -0.295705
365 0.986507 -0.295705
366 0.986507 -0.295705
367 0.988335 -0.296629
368 0.988335 -0.296263
369 0.988335 -0.296263
370 0.988335 -0.296263
371 0.989963 -0.296752
372 0.989963 -0.296752
373 0.989963 -0.296752
374 0.989963 -0.296752
375 0.99153 -0.297222
376 0.99153 -0.297222
377 0.99153 -0.297222
378 0.993242 -0.297736
379 0.993242 -0.297736
380 0.993242 -0.297736
381 0.993242 -0.297736
382 0.995081 -0.298287
383 0.995081 -0.298287
384 0.995081 -0.298287
385 0.995081 -0.298287
386 0.996863 -0.298822
387 0.996863 -0.298822
388 0.996863 -0.298822
389 0.998588 -0.299339
390 0.998588 -0.299339
391 0.998588 -0.299339
392 1.00009 -0.299791
393 1.00009 -0.299791
394 1.00009 -0.299791
395 1.00009 -0.299791
396 1.00176 -0.30029
397 1.00176 -0.30029
398 1.00176 -0.30029
399 1.00176 -0.30029
400 1.00329 -0.300749
401 1.00329 -0.300749
402 1.00329 -0.300749
403 1.00329 -0.300749
404 1.00492 -0.301239
405 1.00492 -0.301239
406 1.00492 -0.301239
407 1.00664 -0.301754
408 1.00664 -0.301754
409 1.00664 -0.301754
410 1.00664 -0.301754
411 1.00828 -0.302584
412 1.00828 -0.302256
413 1.00828 -0.302256
414 1.00828 -0.302256
415 1.00995 -0.302759
416 1.00995 -0.302759
417 1.00995 -0.302759
418 1.01143 -0.303202
419 1.01143 -0.303202
420 1.01143 -0.303202
421 1.01143 -0.303202
422 1.01322 -0.30374
423 1.01322 -0.30374
424 1.01322 -0.30374
425 1.01322 -0.30374
426 1.01492 -0.30425
427 1.01492 -0.30425
428 1.01492 -0.30425
429 1.01492 -0.30425
430 1.01686 -0.30483
431 1.01686 -0.30483
432 1.01686 -0.30483
433 1.01686 -0.30483
434 1.01874 -0.305395
435 1.01874 -0.305395
436 1.01874 -0.305395
437 1.01874 -0.305395
438 1.02057 -0.305944
439 1.02057 -0.305944
440 1.02057 -0.305944
441 1.02219 -0.306431
442 1.02219 -0.306431
443 1.02219 -0.306431
444 1.02219 -0.306431
445 1.02388 -0.306938
446 1.02388 -0.306938
447 1.02388 -0.306938
448 1.02388 -0.306938
449 1.02546 -0.307411
450 1.02546 -0.307411
451 1.02546 -0.307411
452 1.02546 -0.307411
453 1.02724 -0.307945
454 1.02724 -0.307945
455 1.02724 -0.307945
456 1.02724 -0.307945
457 1.02903 -0.308853
458 1.02903 -0.308494
459 1.02903 -0.308494
460 1.03057 -0.308955
461 1.03057 -0.308955
462 1.03057 -0.308955
463 1.03057 -0.308955
464 1.03249 -0.309531
465 1.03249 -0.309531
466 1.03249 -0.309531
467 1.03249 -0.309531
468 1.03423 -0.310052
469 1.03423 -0.310052
470 1.03423 -0.310052
471 1.03423 -0.310052
472 1.03577 -0.310514
473 1.03577 -0.310514
474 1.03577 -0.310514
475 1.03577 -0.310514
476 1.03772 -0.311098
477 1.03772 -0.311098
478 1.03772 -0.311098
479 1.03956 -0.311652
480 1.03956 -0.311652
481 1.03956 -0.311652
482 1.03956 -0.311652
483 1.04137 -0.312193
484 1.04137 -0.312193
485 1.04137 -0.312193
486 1.04137 -0.312193
487 1.04303 -0.312693
488 1.04303 -0.312693
489 1.04303 -0.312693
490 1.04303 -0.312693
491 1.04475 -0.313208
492 1.04475 -0.313208
493 1.04475 -0.313208
494 1.04475 -0.313208
495 1.04657 -0.313753
496 1.04657 -0.313753
497 1.04657 -0.313753
498 1.04657 -0.313753
499 1.04852 -0.31434
500 1.04852 -0.31434
501 1.04852 -0.31434
502 1.04852 -0.31434
503 1.05029 -0.315233
504 1.05029 -0.31488
505 1.05029 -0.31488
506 1.05029 -0.31488
507 1.05222 -0.31546
508 1.05222 -0.31546
509 1.05222 -0.31546
510 1.05222 -0.31546
511 1.0541 -0.316025
512 1.0541 -0.316025
513 1.0541 -0.316025
514 1.05578 -0.316528
515 1.05578 -0.316528
516 1.05578 -0.316528
517 1.05578 -0.316528
518 1.05748 -0.317039
519 1.05748 -0.317039
520 1.05748 -0.317039
521 1.05748 -0.317039
522 1.05916 -0.317541
523 1.05916 -0.317541
524 1.05916 -0.317541
525 1.05916 -0.317541
526 1.06104 -0.318106
527 1.06104 -0.318106
528 1.06104 -0.318106
529 1.06104 -0.318106
530 1.0629 -0.318665
531 1.0629 -0.318665
532 1.0629 -0.318665
533 1.06459 -0.31917
534 1.06459 -0.31917
535 1.06459 -0.31917
536 1.06459 -0.31917
537 1.06648 -0.319737
538 1.06648 -0.319737
539 1.06648 -0.319737
540 1.06648 -0.319737
541 1.06838 -0.320307
542 1.06838 -0.320307
543 1.06838 -0.320307
544 1.07009 -0.320822
545 1.07009 -0.320822
546 1.07009 -0.320822
547 1.07009 -0.320822
548 1.07187 -0.321354
549 1.07187 -0.321364
550 1.07187 -0.321364
551 1.07187 -0.321364
552 1.07377 -0.321935
553 1.07377 -0.321935
554 1.07377 -0.321935
555 1.07377 -0.321935
556 1.07579 -0.322541
557 1.07579 -0.322541
558 1.07579 -0.322541
559 1.07579 -0.322541
560 1.07579 -0.322541
561 1.07579 -0.322541
562 1.07579 -0.322541
563 1.07579 -0.322541
564 1.07579 -0.322541
565 1.07579 -0.322541
566 1.07579 -0.322541
567 1.07579 -0.322541
568 1.07579 -0.322541
569 1.07579 -0.322541
570 1.07579 -0.322541
571 1.07579 -0.322541
572 1.07579 -0.322541
573 1.07579 -0.322541
574 1.07579 -0.322541
575 1.07579 -0.322541
576 1.07579 -0.322541
577 1.07579 -0.322541
578 1.07579 -0.322541
579 1.07579 -0.322541
580 1.07579 -0.322541
581 1.07579 -0.322541
582 1.07579 -0.322541
583 1.07579 -0.322541
584 1.07579 -0.322541
585 1.07579 -0.322541
586 1.07579 -0.322541
587 1.07579 -0.322541
588 1.07579 -0.322541
589 1.07579 -0.322541
590 1.07579 -0.322541
591 1.07579 -0.322541
592 1.07579 -0.322541
593 1.07579 -0.322552
594 1.07579 -0.322552
595 1.07579 -0.322552
596 1.07579 -0.322552
597 1.07579 -0.322552
598 1.07579 -0.322552
599 1.07579 -0.322552
600 1.07579 -0.322552
601 1.07579 -0.322552
602 1.07579 -0.322552
603 1.07579 -0.322552
604 1.07579 -0.322552
605 1.07579 -0.322552
606 1.07579 -0.322552
607 1.07579 -0.322552
608 1.07579 -0.322552
609 1.07579 -0.322552
610 1.07579 -0.322552
611 1.07579 -0.322552
612 1.07579 -0.322552
613 1.07579 -0.322552
614 1.07579 -0.322552
615 1.07579 -0.322552
616 1.07579 -0.322552
617 1.07579 -0.322552
618 1.07579 -0.322552
619 1.07579 -0.322552
620 1.07579 -0.322552
621 1.07579 -0.322552
622 1.07579 -0.322552
623 1.07579 -0.322552
624 1.07579 -0.322552
625 1.07579 -0.322552
626 1.07579 -0.322552
627 1.07579 -0.322552
628 1.07579 -0.322552
629 1.07579 -0.322552
630 1.07579 -0.322552
631 1.07579 -0.322552
632 1.07579 -0.322552
633 1.07579 -0.322552
634 1.07579 -0.322552
635 1.07579 -0.322552
636 1.07579 -0.322552
637 1.07579 -0.322552
638 1.07579 -0.322552
639 1.07579 -0.322552
640 1.07579 -0.322552
641 1.07579 -0.322552
642 1.07579 -0.322552
643 1.07579 -0.322552
644 1.07579 -0.322552
645 1.07579 -0.322552
646 1.07579 -0.322552
647 1.07579 -0.322552
648 1.07579 -0.322562
649 1.07579 -0.322562
650 1.07579 -0.322562
651 1.07579 -0.322562
652 1.07579 -0.322562
653 1.07579 -0.322562
654 1.07579 -0.322562
655 1.07579 -0.322562
656 1.07579 -0.322562
657 1.07579 -0.322562
658 1.07579 -0.322562
659 1.07579 -0.322562
660 1.07579 -0.322562
661 1.07579 -0.322562
662 1.07579 -0.322562
663 1.07579 -0.322562
664 1.07579 -0.322562
665 1.07579 -0.322562
666 1.07579 -0.322562
667 1.07579 -0.322562
668 1.07579 -0.322562
669 1.07579 -0.322562
670 1.07579 -0.322562
671 1.07579 -0.322562
672 1.07579 -0.322562
673 1.07579 -0.322562
