1 1.62416 0.345531 0
2 -2.99893 0 0.662142
3 -2.05705 0 0.410755
4 -0.501974 0 0.0879773
5 -1.86139 0 0.408279
6 -1.79087 0 0.380961
7 -1.00449 0 0.210372
8 -1.54351 0 0.346227
9 -1.63013 0 0.356134
10 -1.20577 0 0.262248
11 -1.44186 0 0.324118
12 -1.54183 0 0.34293
13 -1.29499 0 0.287923
14 -1.38552 0 0.31416
15 -1.46228 0 0.331394
16 -1.34048 0 0.305171
17 -1.36875 0 0.315195
18 -1.36552 0 0.315285
19 -1.35833 0 0.315127
20 -1.37007 0 0.319222
21 -1.34183 0 0.314116
22 -1.37719 0 0.323838
23 -1.30016 0 0.307483
24 -1.31461 0 0.313519
25 -1.3311 0 0.318189
26 -1.29464 0 0.311131
27 -1.32961 0 0.320884
28 -1.30407 0 0.315869
29 -1.27909 0 0.312163
30 -1.28563 0 0.315389
31 -1.35423 0 0.331704
32 -1.22703 0 0.303576
33 -1.29133 0 0.322205
34 -1.29138 0 0.322864
35 -1.25742 0 0.31607
36 -1.25502 0 0.318076
37 -1.21863 0 0.311313
38 -1.25594 0 0.321505
39 -1.26556 0 0.324142
40 -1.21138 0 0.313241
41 -1.25116 0 0.324328
42 -1.1985 0 0.313145
43 -1.21888 0 0.319901
44 -1.27122 0 0.332278
45 -1.20076 0 0.316931
46 -1.20352 0 0.320152
47 -1.45846 0 0.37764
48 -1.29004 0 0.338858
49 -0.985303 0 0.272802
50 -1.29062 0 0.347358
51 -1.2195 0 0.326824
52 -1.15473 0 0.315152
53 -1.18628 0 0.324575
54 -1.22778 0 0.334301
55 -1.12958 0 0.312997
56 -1.25398 0 0.343582
57 -1.10576 0 0.309591
58 -1.18268 0 0.330661
59 -1.2307 0 0.340918
60 -1.1285 0 0.318602
61 -1.28818 0 0.357064
62 -1.05782 0 0.304249
63 -1.11548 0 0.322658
64 -1.24885 0 0.352095
65 -1.09273 0 0.316174
66 -1.15204 0 0.333496
67 -1.1418 0 0.331198
68 -1.3063 0 0.368899
69 -0.996407 0 0.298429
70 -1.07322 0 0.322599
71 -1.28222 0 0.368326
72 -1.01204 0 0.310109
73 -1.11268 0 0.333362
74 -1.16811 0 0.344712
75 -1.03894 0 0.316226
76 -1.17031 0 0.34888
77 -1.06113 0 0.323295
78 -1.14704 0 0.345526
79 -1.05074 0 0.323672
80 -1.08487 0 0.334192
81 -1.08679 0 0.335018
82 -1.07751 0 0.334015
83 -1.11124 0 0.342734
84 -1.0412 0 0.32805
85 -0.133779 0 0.128552
86 0.110208 0 0.0929129
87 -0.857645 0 0.311578
88 -0.597146 0 0.235508
89 -0.524077 0 0.225167
90 -0.546894 0 0.232195
91 -0.602487 0 0.244618
92 -0.487584 0 0.219271
93 -0.59142 0 0.245005
94 -0.578502 0 0.240664
95 -0.517999 0 0.22813
96 0.516361 0 0.0224681
97 0.309316 0 0.0638773
98 0.0836124 0 0.113448
99 -2.96119 0 0.717895
100 2.45393 0.408592 0
101 -1.41525 0 0.480143
102 -1.67113 0 0.460725
103 -0.687355 0 0.239864
104 -1.03815 0 0.337754
105 -1.29585 0 0.388727
106 -0.945838 0 0.31357
107 -1.00075 0 0.326652
108 -1.05895 0 0.339417
109 -1.06135 0 0.339842
110 -1.01853 0 0.331393
111 -1.03055 0 0.335923
112 -1.06077 0 0.343393
113 -1.01746 0 0.334277
114 -1.01606 0 0.335851
115 -1.00596 0 0.334663
116 -0.0845134 0 0.132231
117 0.182518 0 0.0972541
118 -0.779047 0 0.309577
119 -0.611335 0 0.254061
120 -0.376558 0 0.206141
121 -0.555293 0 0.249481
122 -0.520545 0 0.24057
123 -0.447678 0 0.225682
124 -0.494578 0 0.237952
125 -0.527335 0 0.244747
126 -0.493655 0 0.237176
127 0.426134 0 0.0538921
128 0.399291 0 0.0593983
129 0.070234 0 0.124673
130 0.0392136 0 0.130877
131 0.0392136 0 0.130877
132 0.0392136 0 0.130877
133 0.0330949 0 0.132101
134 0.0330949 0 0.132101
135 0.0330949 0 0.132101
136 0.0330949 0 0.132101
137 0.0311454 0 0.132491
138 0.0311454 0 0.132491
139 0.0311454 0 0.132491
140 0.0311454 0 0.132491
141 0.0332403 0 0.132072
142 0.0332403 0 0.132038
143 0.0332403 0 0.132038
144 0.0332403 0 0.132038
145 0.0291034 0 0.132866
146 0.0291034 0 0.132866
147 0.0291034 0 0.132866
148 0.0302089 0 0.132645
149 0.0302089 0 0.132645
150 0.0302089 0 0.132645
151 0.0302089 0 0.132645
152 0.0335935 0 0.131968
153 0.0335935 0 0.131968
154 0.0335935 0 0.131968
155 0.0346512 0 0.131756
156 0.0346512 0 0.131756
157 0.0346512 0 0.131756
158 0.0346512 0 0.131756
159 0.0312924 0 0.132428
160 0.0312924 0 0.132428
161 0.0312924 0 0.132428
162 0.0312924 0 0.132428
163 0.0340367 0 0.131879
164 0.0340367 0 0.131879
165 0.0340367 0 0.131879
166 0.0304963 0 0.132587
167 0.0304963 0 0.132587
168 0.0304963 0 0.132587
169 0.0304963 0 0.132587
170 0.033546 0 0.131977
171 0.033546 0 0.131977
172 0.033546 0 0.131977
173 0.033546 0 0.131977
174 0.0345614 0 0.131774
175 0.0345614 0 0.131774
176 0.0345614 0 0.131774
177 0.0310786 0 0.132471
178 0.0310786 0 0.132471
179 0.0310786 0 0.132471
180 0.0310786 0 0.132471
181 0.0339421 0 0.131898
182 0.0339421 0 0.131898
183 0.0339421 0 0.131898
184 0.0305477 0 0.132577
185 0.0305477 0 0.132577
186 0.0305477 0 0.132577
187 0.0305477 0 0.132546
188 0.0342266 0 0.131811
189 0.0342266 0 0.131811
190 0.0342266 0 0.131811
191 0.0342266 0 0.131811
192 0.0353784 0 0.13158
193 0.0353784 0 0.13158
194 0.0353784 0 0.13158
195 0.0358033 0 0.131495
196 0.0358033 0 0.131495
197 0.0358033 0 0.131495
198 0.0358033 0 0.131495
199 0.0358033 0 0.131495
200 0.0318429 0 0.132287
201 0.0318429 0 0.132287
202 0.0318429 0 0.132287
203 0.0324039 0 0.132175
204 0.0324039 0 0.132175
205 0.0324039 0 0.132175
206 0.0324039 0 0.132175
207 0.0332912 0 0.131998
208 0.0332912 0 0.131998
209 0.0332912 0 0.131998
210 0.0360317 0 0.13145
211 0.0360317 0 0.13145
212 0.0360317 0 0.13145
213 0.0360317 0 0.13145
214 0.0327516 0 0.132106
215 0.0327516 0 0.132106
216 0.0327516 0 0.132106
217 0.0327516 0 0.132106
218 0.0354521 0 0.131565
219 0.0354521 0 0.131565
220 0.0354521 0 0.131565
221 0.0354521 0 0.131565
222 0.0351635 0 0.131623
223 0.0351635 0 0.131623
224 0.0351635 0 0.131623
225 0.0351635 0 0.131623
226 0.0313234 0 0.132391
227 0.0313234 0 0.132391
228 0.0313234 0 0.132391
229 0.0313234 0 0.132391
230 0.0329502 0 0.132066
231 0.0329502 0 0.132066
232 0.0329502 0 0.132033
233 0.0329502 0 0.132033
234 0.0335972 0 0.131903
235 0.0335972 0 0.131903
236 0.0335972 0 0.131903
237 0.0337439 0 0.131874
238 0.0337439 0 0.131874
239 0.0337439 0 0.131874
240 0.0337439 0 0.131874
241 0.0360727 0 0.131408
242 0.0360727 0 0.131408
243 0.0360727 0 0.131408
244 0.0360727 0 0.131408
245 0.0314991 0 0.132323
246 0.0314991 0 0.132323
247 0.0314991 0 0.132323
248 0.0314991 0 0.132323
249 0.0343059 0 0.131762
250 0.0343059 0 0.131762
251 0.0343059 0 0.131762
252 0.0343059 0 0.131762
253 0.0308061 0 0.132462
254 0.0308061 0 0.132462
255 0.0308061 0 0.132462
256 0.0343722 0 0.131749
257 0.0343722 0 0.131749
258 0.0343722 0 0.131749
259 0.0308159 0 0.13246
260 0.0308159 0 0.13246
261 0.0308159 0 0.13246
262 0.0308159 0 0.13246
263 0.0344311 0 0.131737
264 0.0344311 0 0.131737
265 0.0344311 0 0.131737
266 0.0344311 0 0.131737
267 0.031569 0 0.132309
268 0.031569 0 0.132309
269 0.031569 0 0.132309
270 0.031569 0 0.132309
271 0.0349722 0 0.131629
272 0.0349722 0 0.131629
273 0.0349722 0 0.131629
274 0.0349722 0 0.131629
275 0.0354536 0 0.131532
276 0.0354536 0 0.131497
277 0.0354536 0 0.131497
278 0.0354536 0 0.131497
279 0.0345007 0 0.131687
280 0.0345007 0 0.131687
281 0.0345007 0 0.131687
282 0.0345007 0 0.131687
283 0.0338564 0 0.131816
284 0.0338564 0 0.131816
285 0.0338564 0 0.131816
286 0.0338564 0 0.131816
287 0.0335343 0 0.131881
288 0.0335343 0 0.131881
289 0.0335343 0 0.131881
290 0.0335343 0 0.131881
291 0.0302447 0 0.132539
292 0.0302447 0 0.132539
293 0.0302447 0 0.132539
294 0.0323368 0 0.13212
295 0.0323368 0 0.13212
296 0.0323368 0 0.13212
297 0.0323368 0 0.13212
298 0.0355791 0 0.131472
299 0.0355791 0 0.131472
300 0.0355791 0 0.131472
301 0.0355791 0 0.131472
302 0.0314918 0 0.132289
303 0.0314918 0 0.132289
304 0.0314918 0 0.132289
305 0.0314918 0 0.132289
306 0.0346775 0 0.131652
307 0.0346775 0 0.131652
308 0.0346775 0 0.131652
309 0.0346775 0 0.131652
310 0.0349652 0 0.131594
311 0.0349652 0 0.131594
312 0.0349652 0 0.131594
313 0.0349652 0 0.131594
314 0.0353611 0 0.131515
315 0.0353611 0 0.131515
316 0.0353611 0 0.131515
317 0.0353611 0 0.131515
318 0.0313804 0 0.132311
319 0.0313804 0 0.132311
320 0.0313804 0 0.132311
321 0.0313804 0 0.132311
322 0.0324825 0 0.132036
323 0.0324825 0 0.132059
324 0.0324825 0 0.132059
325 0.0332185 0 0.131911
326 0.0332185 0 0.131911
327 0.0332185 0 0.131911
328 0.0332185 0 0.131911
329 0.0358381 0 0.131387
330 0.0358381 0 0.131387
331 0.0358381 0 0.131387
332 0.0358381 0 0.131387
333 0.0367725 0 0.131201
334 0.0367725 0 0.131201
335 0.0367725 0 0.131201
336 0.0367872 0 0.131198
337 0.0367872 0 0.131198
338 0.0367872 0 0.131198
339 0.0367872 0 0.131198
340 0.0321234 0 0.13213
341 0.0321234 0 0.13213
342 0.0321234 0 0.13213
343 0.0321234 0 0.13213
344 0.0338251 0 0.13179
345 0.0338251 0 0.13179
346 0.0338251 0 0.13179
347 0.0338251 0 0.13179
348 0.0338921 0 0.131777
349 0.0338921 0 0.131777
350 0.0338921 0 0.131777
351 0.0338921 0 0.131777
352 0.0361164 0 0.131332
353 0.0361164 0 0.131332
354 0.0361164 0 0.131332
355 0.0361164 0 0.131332
356 0.0359195 0 0.131371
357 0.0359195 0 0.131371
358 0.0359195 0 0.131371
359 0.0359195 0 0.131371
360 0.0363431 0 0.131286
361 0.0363431 0 0.131286
362 0.0363431 0 0.131286
363 0.0363431 0 0.131286
364 0.0368798 0 0.131179
365 0.0368798 0 0.131179
366 0.0368798 0 0.131179
367 0.0365765 0 0.131209
368 0.0365765 0 0.131203
369 0.0365765 0 0.131203
370 0.0365765 0 0.131203
371 0.0326942 0 0.13198
372 0.0326942 0 0.13198
373 0.0326942 0 0.13198
374 0.0326942 0 0.13198
375 0.0351084 0 0.131497
376 0.0351084 0 0.131497
377 0.0351084 0 0.131497
378 0.0362842 0 0.131262
379 0.0362842 0 0.131262
380 0.0362842 0 0.131262
381 0.0362842 0 0.131262
382 0.0364581 0 0.131227
383 0.0364581 0 0.131227
384 0.0364581 0 0.131227
385 0.0364581 0 0.131227
386 0.0369625 0 0.131126
387 0.0369625 0 0.131126
388 0.0369625 0 0.131126
389 0.0324533 0 0.132028
390 0.0324533 0 0.132028
391 0.0324533 0 0.132028
392 0.0353366 0 0.131451
393 0.0353366 0 0.131451
394 0.0353366 0 0.131451
395 0.0353366 0 0.131451
396 0.0315419 0 0.13221
397 0.0315419 0 0.13221
398 0.0315419 0 0.13221
399 0.0315419 0 0.13221
400 0.034507 0 0.131617
401 0.034507 0 0.131617
402 0.034507 0 0.131617
403 0.034507 0 0.131617
404 0.0308648 0 0.132345
405 0.0308648 0 0.132345
406 0.0308648 0 0.132345
407 0.0325488 0 0.132009
408 0.0325488 0 0.132009
409 0.0325488 0 0.132009
410 0.0325488 0 0.132009
411 0.0353327 0 0.131361
412 0.0353327 0 0.131417
413 0.0353327 0 0.131417
414 0.0353327 0 0.131417
415 0.0311601 0 0.132251
416 0.0311601 0 0.132251
417 0.0311601 0 0.132251
418 0.0345083 0 0.131581
419 0.0345083 0 0.131581
420 0.0345083 0 0.131581
421 0.0345083 0 0.131581
422 0.0357095 0 0.131341
423 0.0357095 0 0.131341
424 0.0357095 0 0.131341
425 0.0357095 0 0.131341
426 0.0319657 0 0.13209
427 0.0319657 0 0.13209
428 0.0319657 0 0.13209
429 0.0319657 0 0.13209
430 0.0314595 0 0.132191
431 0.0314595 0 0.132191
432 0.0314595 0 0.132191
433 0.0314595 0 0.132191
434 0.0316059 0 0.132162
435 0.0316059 0 0.132162
436 0.0316059 0 0.132162
437 0.0316059 0 0.132162
438 0.0322646 0 0.13203
439 0.0322646 0 0.13203
440 0.0322646 0 0.13203
441 0.0350943 0 0.131464
442 0.0350943 0 0.131464
443 0.0350943 0 0.131464
444 0.0350943 0 0.131464
445 0.0312039 0 0.132242
446 0.0312039 0 0.132242
447 0.0312039 0 0.132242
448 0.0312039 0 0.132242
449 0.0343336 0 0.131616
450 0.0343336 0 0.131616
451 0.0343336 0 0.131616
452 0.0343336 0 0.131616
453 0.0361495 0 0.131253
454 0.0361495 0 0.131253
455 0.0361495 0 0.131253
456 0.0361495 0 0.131253
457 0.0318987 0 0.132156
458 0.0318987 0 0.132071
459 0.0318987 0 0.132071
460 0.0352312 0 0.131405
461 0.0352312 0 0.131405
462 0.0352312 0 0.131405
463 0.0352312 0 0.131405
464 0.0354105 0 0.131369
465 0.0354105 0 0.131369
466 0.0354105 0 0.131369
467 0.0354105 0 0.131369
468 0.0316847 0 0.132114
469 0.0316847 0 0.132114
470 0.0316847 0 0.132114
471 0.0316847 0 0.132114
472 0.0349259 0 0.131466
473 0.0349259 0 0.131466
474 0.0349259 0 0.131466
475 0.0349259 0 0.131466
476 0.035099 0 0.131431
477 0.035099 0 0.131431
478 0.035099 0 0.131431
479 0.035099 0 0.131431
480 0.036216 0 0.131208
481 0.036216 0 0.131208
482 0.036216 0 0.131208
483 0.0321406 0 0.132023
484 0.0321406 0 0.132023
485 0.0321406 0 0.132023
486 0.0321406 0 0.132023
487 0.0346895 0 0.131513
488 0.0346895 0 0.131513
489 0.0346895 0 0.131513
490 0.0346895 0 0.131513
491 0.0310951 0 0.132232
492 0.0310951 0 0.132232
493 0.0310951 0 0.132232
494 0.0310951 0 0.132232
495 0.0330148 0 0.131848
496 0.0330148 0 0.131848
497 0.0330148 0 0.131848
498 0.0330148 0 0.131848
499 0.0334749 0 0.131756
500 0.0334749 0 0.131756
501 0.0334749 0 0.131756
502 0.0334749 0 0.131756
503 0.0358502 0 0.131198
504 0.0358502 0 0.131245
505 0.0358502 0 0.131245
506 0.0358502 0 0.131245
507 0.0364719 0 0.131121
508 0.0364719 0 0.131121
509 0.0364719 0 0.131121
510 0.0364719 0 0.131121
511 0.0318649 0 0.132042
512 0.0318649 0 0.132042
513 0.0318649 0 0.132042
514 0.0344598 0 0.131523
515 0.0344598 0 0.131523
516 0.0344598 0 0.131523
517 0.0344598 0 0.131523
518 0.0313234 0 0.132151
519 0.0313234 0 0.132151
520 0.0313234 0 0.132151
521 0.0313234 0 0.132151
522 0.0344415 0 0.131527
523 0.0344415 0 0.131527
524 0.0344415 0 0.131527
525 0.0344415 0 0.131527
526 0.0360388 0 0.131208
527 0.0360388 0 0.131208
528 0.0360388 0 0.131208
529 0.0360388 0 0.131208
530 0.0319072 0 0.132034
531 0.0319072 0 0.132034
532 0.0319072 0 0.132034
533 0.0346278 0 0.13149
534 0.0346278 0 0.13149
535 0.0346278 0 0.13149
536 0.0346278 0 0.13149
537 0.0362265 0 0.13117
538 0.0362265 0 0.13117
539 0.0362265 0 0.13117
540 0.0362265 0 0.13117
541 0.0319156 0 0.132032
542 0.0319156 0 0.132032
543 0.0319156 0 0.132032
544 0.0345184 0 0.131512
545 0.0345184 0 0.131512
546 0.0345184 0 0.131512
547 0.0345184 0 0.131512
548 0.0310457 0 0.132206
549 0.0310457 0 0.132175
550 0.0310457 0 0.132175
551 0.0310457 0 0.132175
552 0.0326519 0 0.131854
553 0.0326519 0 0.131854
554 0.0326519 0 0.131854
555 0.0326519 0 0.131854
556 0.0332812 0 0.131728
557 0.0332812 0 0.131728
558 0.0332812 0 0.131728
559 0.0332812 0 0.131728
560 0.0332812 0 0.131728
561 0.0332812 0 0.131728
562 0.0332812 0 0.131728
563 0.0332812 0 0.131728
564 0.0332812 0 0.131728
565 0.0332812 0 0.131728
566 0.0332812 0 0.131728
567 0.0332812 0 0.131728
568 0.0332812 0 0.131728
569 0.0332812 0 0.131728
570 0.0332812 0 0.131728
571 0.0332812 0 0.131728
572 0.0332812 0 0.131728
573 0.0332812 0 0.131728
574 0.0332812 0 0.131728
575 0.0332812 0 0.131728
576 0.0332812 0 0.131728
577 0.0332812 0 0.131728
578 0.0332812 0 0.131728
579 0.0332812 0 0.131728
580 0.0332812 0 0.131728
581 0.0332812 0 0.131728
582 0.0332812 0 0.131728
583 0.0332812 0 0.131728
584 0.0332812 0 0.131728
585 0.0332812 0 0.131728
586 0.0332812 0 0.131728
587 0.0332812 0 0.131728
588 0.0332812 0 0.131728
589 0.0332812 0 0.131728
590 0.0332812 0 0.131728
591 0.0332812 0 0.131728
592 0.0332812 0 0.131728
593 0.0332812 0 0.131695
594 0.0332812 0 0.131695
595 0.0332812 0 0.131695
596 0.0332812 0 0.131695
597 0.0332812 0 0.131695
598 0.0332812 0 0.131695
599 0.0332812 0 0.131695
600 0.0332812 0 0.131695
601 0.0332812 0 0.131695
602 0.0332812 0 0.131695
603 0.0332812 0 0.131695
604 0.0332812 0 0.131695
605 0.0332812 0 0.131695
606 0.0332812 0 0.131695
607 0.0332812 0 0.131695
608 0.0332812 0 0.131695
609 0.0332812 0 0.131695
610 0.0332812 0 0.131695
611 0.0332812 0 0.131695
612 0.0332812 0 0.131695
613 0.0332812 0 0.131695
614 0.0332812 0 0.131695
615 0.0332812 0 0.131695
616 0.0332812 0 0.131695
617 0.0332812 0 0.131695
618 0.0332812 0 0.131695
619 0.0332812 0 0.131695
620 0.0332812 0 0.131695
621 0.0332812 0 0.131695
622 0.0332812 0 0.131695
623 0.0332812 0 0.131695
624 0.0332812 0 0.131695
625 0.0332812 0 0.131695
626 0.0332812 0 0.131695
627 0.0332812 0 0.131695
628 0.0332812 0 0.131695
629 0.0332812 0 0.131695
630 0.0332812 0 0.131695
631 0.0332812 0 0.131695
632 0.0332812 0 0.131695
633 0.0332812 0 0.131695
634 0.0332812 0 0.131695
635 0.0332812 0 0.131695
636 0.0332812 0 0.131695
637 0.0332812 0 0.131695
638 0.0332812 0 0.131695
639 0.0332812 0 0.131695
640 0.0332812 0 0.131695
641 0.0332812 0 0.131695
642 0.0332812 0 0.131695
643 0.0332812 0 0.131695
644 0.0332812 0 0.131695
645 0.0332812 0 0.131695
646 0.0332812 0 0.131695
647 0.0332812 0 0.131695
648 0.0332812 0 0.131662
649 0.0332812 0 0.131662
650 0.0332812 0 0.131662
651 0.0332812 0 0.131662
652 0.0332812 0 0.131662
653 0.0332812 0 0.131662
654 0.0332812 0 0.131662
655 0.0332812 0 0.131662
656 0.0332812 0 0.131662
657 0.0332812 0 0.131662
658 0.0332812 0 0.131662
659 0.0332812 0 0.131662
660 0.0332812 0 0.131662
661 0.0332812 0 0.131662
662 0.0332812 0 0.131662
663 0.0332812 0 0.131662
664 0.0332812 0 0.131662
665 0.0332812 0 0.131662
666 0.0332812 0 0.131662
667 0.0332812 0 0.131662
668 0.0332812 0 0.131662
669 0.0332812 0 0.131662
670 0.0332812 0 0.131662
671 0.0332812 0 0.131662
672 0.0332812 0 0.131662
673 0.0332812 0 0.131662
